0 - 0.717183  0.529928  0.533015  0.528569  0.0648062  
25 - 0.736857  0.524887  0.534042  0.513993  0.0648062

0.786114  0.514523  0.514523  0.467752  0.0467715  
0.806819  0.505012  0.505012  0.441103  0.0639081  
0.825534  0.499022  0.499022  0.421078  0.0779447  
0.843314  0.487293  0.487293  0.394222  0.0930713  
0.855323  0.477541  0.477541  0.372747  0.104794  
0.866502  0.466228  0.466228  0.348777  0.117452  
0.87488  0.457865  0.457865  0.329827  0.128038  
0.878211  0.448505  0.448505  0.306941  0.141564  
0.87621  0.442543  0.442543  0.29049  0.152053  
0.870072  0.335094  0.335094  0.269066  0.0660274  
0.882948  0.372754  0.372754  0.260438  0.112316  
0.885318  0.377288  0.377288  0.248798  0.128491  
0.885702  0.376528  0.376528  0.241368  0.13516  
0.8846  0.373577  0.373577  0.23459  0.138987  
0.88218  0.372119  0.372119  0.231632  0.140488  
0.879533  0.372788  0.372788  0.232401  0.140387  
0.876607  0.376668  0.376668  0.237599  0.139069  
0.873545  0.386047  0.386047  0.250743  0.135304  
0.866002  0.40195  0.40195  0.276795  0.125155  
0.846312  0.423562  0.423562  0.317939  0.105623  
0.791238  0.45302  0.45302  0.39117  0.0618505  